-0.015479187
0.036428216
0.006714775
-0.003869155
0.005006585
-0.030072041
-0.006781526
-0.024615497
0.005173296
0.035323805
-0.020316918
-0.015922116
-0.032785022
-0.012925496
-0.012244034
-0.002040761
0.008701476
-0.010242991
-0.011366572
-0.010937705
0.019916255
0.025222114
0.024152803
0.01449849
0.015254377
-0.005323809
-0.000692958
0.012088198
0.034974274
0.006002006
0.009946311
-0.001053428
0.018013201
0.018387636
0.013070762
0.015886417
-0.016753115
0.00576082
0.018565752
-0.011791829
0.002808232
-0.003601726
-0.014263503
-0.007743468
-0.004565712
-0.004335421
-0.006927291
0.018793272
-0.005827533
-0.015573547
0.000262965
-0.005971292
0.005914948
0.005319859
0.01565392
-0.020814146
-0.014565247
0.004088313
0.001071603
-0.011774544
-0.026767007
0.008894788
-0.002806011
-0.004572939
0.001827759
0.004222495
0.01208838
0.007150896
0.025834577
0.007160946
0.026209331
-0.011426722
-0.001427265
0.007234212
-0.002366111
0.001201956
0.01509207
0.012834334
-0.020067443
0.026234285
0.000369331
0.000342829
-0.009049516
0.003408697
0.001360232
0.010440222
-0.012516644
0.002588238
0.007567171
-0.00447538
-0.018516582
0.000895528
-0.002195469
0.012250728
-0.010135824
-0.002958529
0.019516154
0.005181495
0.033777743
0.000846496
0.014948966
0.018139963
0.011540875
0.010961086
-0.009473256
0.003887008
0.011348389
-0.000533318
0.012525236
0.018548696
-0.002442023
-0.016295403
0.012768691
-0.004825738
-0.021091923
0.00380968
0.001626023
-0.006360485
0.020759752
0.006121514
0.021887249
-0.006531314
-0.005358942
0.005045404
0.009681841
0.006305024
0.00770068
0.01087589
0.012300007
0.000758736
-0.001649527
-0.021650406
-0.011079032
-0.014222698
0.007824336
-0.017324444
-0.014245144
0.01182302
0.007064221
0.000538383
-0.003373516
0.009291963
0.000512
-0.002547304
0.011385611
0.006227963
0.002352739
-0.003113112
-0.000610222
-0.001885754
-0.002388693
0.00138402
-0.013092169
-0.010592373
0.002427054
-0.00729113
0.013593987
0.000283809
0.00469797
-0.000618502
-0.011832548
0.009959437
-0.015687625
-0.004011393
-0.0005621
0.004526851
0.005001619
-0.011709599
0.006521389
0.003275815
-0.000217021
0.012731961
-0.002244997
-0.001581416
0.008423245
0.017048593
0.025562127
-0.003613017
0.000293038
0.000717581
-0.000322115
0.017607213
0.004206935
-0.005949447
0.011436312
-0.006949388
0.003730933
0.012769788
0.000783027
0.003133022
0.00661391
0.001025995
0.001888706
0.002163095
-0.000229303
-0.018743271
-0.002616253
0.013839905
0.006393188
-0.013645299
0.00784709
0.016145504
-0.00075081
0.004105342
0.004894705
0.0029526
0.003839637
0.003324816
0.011827856
0.00531046
-0.001895735
0.00218809
-0.013625128
0.007574599
-0.005710854
0.003281695
-0.01431271
-0.001659751
0.007933697
-0.00516671
-0.000312347
-0.009806911
-0.00166105
0.010469153
0.005700841
-0.004382897
-0.0032845
-0.002257114
0.009092763
-0.002363771
-0.004390145
-0.002973939
0.003436968
0.005560001
0.0020627
0.011433072
0.000414023
-0.007297175
-0.001460459
-0.008481735
0.002997791
0.001718655
0.013123618
0.004400762
0.014973824
0.007796599
0.004405893
-0.000704934
0.008599779
0.009505368
-0.002016085
0.015539739
0.020062291
0.009349777
-0.008035902
0.001158951
-0.007615968
0.017173453
-0.00253447
0.000310316
-0.004658772
-0.004392003
0.009154193
-2.43E-05
-0.007829239
0.008425215
0.020977918
-0.007349591
0.00591976
-0.00709592
-0.006306395
0.0016301
0.015307322
0.006053194
-0.012693301
0.002997679
0.014766946
-0.004882382
-0.002157243
-0.02347246
-0.004121289
-0.017690454
0.007339958
-0.008944642
0.012380186
0.007735708
-0.012567243
-0.027027408
-0.004721489
-0.021290104
0.025031104
-0.003423423
0.005282371
0.015756352
0.011665671
-0.006152803
-0.005998015
0.002956983
-0.006066262
0.00154027
0.00877838
0.008377412
0.003656132
-0.015101866
-0.006632688
0.012088523
-0.000628714
0.001774175
0.006533545
0.005196274
-0.002253282
0.00280669
0.006641281
0.006459461
-0.001609455
-0.004898323
-0.003406189
0.005186339
0.004541593
0.004951142
-0.004369145
0.009432568
0.005593492
0.005174488
0.003210257
-0.006619582
0.002974238
-0.001041449
-0.006082025
-0.012635988
0.004010733
0.003970909
-0.000404716
-0.006791471
0.004968219
-0.002495971
-0.007007594
-0.003129648
0.011129211
-0.004477628
-0.006554953
0.001279452
0.010051723
0.002486799
-0.001042868
0.007372041
0.015591595
0.002775622
-6.39E-05
0.001196395
0.003927571
0.004827458
0.015035816
0.000158686
-0.005153142
-0.000227873
0.003168475
-0.001381063
-0.004137536
-0.000702687
-0.002380231
-0.003391302
-0.010086682
-0.00205753
0.012040743
-0.001133112
0.000834141
0.012185097
-0.000147708
-0.000920826
-0.003463523
-0.011715241
-0.002387388
0.005534872
0.002379968
-0.002546893
0.00023599
-0.004892327
-0.000451206
0.015017065
-0.002848232
0.003258531
0.006383484
-0.005119455
0.00468345
0.004548866
0.004477754
0.002141773
0.003170585
0.000379572
0.013316234
0.004609784
-0.005524375
0.008474674
-0.000541239
-0.00246936
-0.003960401
-0.006753928
0.007238147
0.001676446
-0.001313436
0.005402054
-0.000103927
-0.001237007
-0.006141965
0.000451768
-0.004609893
0.005435771
0.01557971
0.01104668
-0.0064785
0.000652437
0.002433445
0.008678644
0.00493471
0.007009115
-0.001075133
-0.00265589
0.009691752
-0.000246128
-0.00413562
-0.000915505
0.001010165
-0.006340921
0.001348568
0.000285346
0.000913616
0.000353604
0.001191832
0.008752699
-0.003973297
0.006915595
0.0056723
0.000864638
-0.01363089
-0.015799988
0.014014667
0.00174335
0.006468927
0.0124379
6.18E-05
0.009835439
-0.017374572
0.002512467
-0.000791911
-0.06495595
-0.002279077
0.012350796
0.025341739
-0.00573895
0.00065418
-0.017662055
-0.003317224
-0.005940503
-0.026629106
0.020553384
0.008012182
0.000587898
-0.006911746
-0.013990916
-0.006725051
0.007638864
0.009225755
0.010625766
-0.000450569
-0.002746264
0.001162166
0.007338295
0.004171592
-0.001721058
-0.005076916
0.006542181
0.003461255
0.007850593
0.003073701
-0.001917268
0.00646211
0.009636695
0.015375026
0.010039449
8.77E-05
0.010785964
0.002720383
0.00692539
-0.004151505
0.000466638
-0.005894591
-0.002962935
-0.002663909
-0.001889525
-0.00707628
0.009934854
0.01299361
0.002293973
-0.001960161
0.004122989
0.006610657
0.001125025
-0.006130453
-0.004515295
0.013310752
-0.006028843
-0.012822791
0.000675259
5.08E-05
0.011359429
-0.012237818
-0.002930152
-0.014202029
0.009222486
-0.009475721
-0.004543261
-0.005273623
-0.001807648
-0.016146515
0.006092799
-0.003428593
0.009473994
-0.006679439
-0.004847807
0.006695963
0.015271629
0.000747889
-0.005106102
-0.011066419
0.00540421
-0.00381728
-0.01638532
-0.011834776
0.004627761
0.001546816
0.007650293
-0.017842836
-0.009769937
-0.009034402
0.018194805
-0.018289056
0.000266096
0.011726332
0.013224467
-0.009364239
0.015186107
0.007470094
-0.001136992
0.004407301
0.01970284
0.001625381
-0.0044448
0.006103921
0.011403834
0.00925639
-0.002880238
-0.011222517
-0.005991189
0.006104763
-0.011980545
0.012094105
0.013717805
-0.009309244
-0.003412876
0.004065297
0.01253391
-0.012559588
0.019513782
0.007995949
0.013187768
0.020415795
0.006745672
-0.004096869
0.013268177
0.006426928
0.004562817
-0.013093616
-0.000743601
0.015237705
-0.018748668
0.005549777
-0.004688809
-0.009323439
-0.002846492
-0.009633578
0.00951742
0.015808328
0.001756478
0.008142199
-0.007642951
0.000413474
-0.006057577
-0.000817793
-0.009358823
1.45E-05
0.015925063
-0.001793484
-0.00379737
0.010833889
0.003935508
-0.005402304
0.001178339
0.00410622
-0.001079199
-0.00628622
-0.009492075
-0.008741874
-0.011665171
0.002451245
-0.014263994
-0.009458815
0.001716482
0.009808061
0.001228517
-0.008024895
-0.011769547
0.005922088
0.00175833
0.002153733
0.011758405
0.004101376
0.006507933
-0.008038456
0.000711592
-0.001659531
-0.002701394
0.001201521
-0.00793006
-0.007943447
0.000959549
-0.005876667
-0.013735958
0.003843812
0.002331618
0.011657302
0.008595121
0.001938
0.004988773
-0.003103945
0.003596532
-0.020176577
0.002795029
0.00148716
-0.007135445
-0.009407283
-0.005324995
0.005213074
-0.002802093
-0.021462619
-0.025873298
-0.05252577
0.021224403
-0.030683872
0.012875678
-1.69E-05
-0.033606526
-0.005231527
0.006625085
-0.034479763
-0.032399108
-0.041425236
0.025384569
-0.020971459
0.040418398
0.049631244
-0.01132456
0.010700733
0.014360732
-0.019371321
-0.027690736
-0.014138321
0.010671268
-0.017741542
0.005977711
0.025969785
-0.004716961
-0.003543279
-0.001104919
-0.019220511
-0.006778634
-0.015132436
-0.006126595
-0.019081996
0.00190005
-0.026741966
-0.011652671
0.009234258
0.016394027
-0.021349017
0.032351621
0.020638227
-0.003477245
-0.009448122
-0.000521795
0.021816683
-0.022119578
-0.007336088
0.001064286
0.021774997
0.014622529
0.001880763
0.00875105
0.019408209
-0.001804172
-0.002892243
0.021845675
-0.005341864
-0.012827538
-0.016792805
0.005741619
-0.00882933
0.019625318
-0.006566356
-0.008742533
-0.004378404
-0.018787209
-0.008625883
0.001890101
0.015463201
0.007975175
-0.00685519
-0.000694368
0.008772314
0.013279098
-0.00030611
-0.003791276
0.007781712
0.000231726
-0.020214404
-0.000821621
-0.002912227
0.003621848
-0.001207903
0.024462834
0.001008689
0.008412584
0.019726576
-0.001660644
-0.009329424
-0.00566974
0.001385977
-0.005079281
-0.014495295
-0.018070978
-0.009118604
-0.001464962
-0.02329802
0.007219229
-0.017466566
-0.005212371
-0.007200958
-0.008488223
0.022598347
0.005286424
-0.026046054
-0.003387987
0.032356765
-0.029486198
-0.008094567
-0.036630789
0.011109539
0.000343048
0.068079187
-0.000128175
-0.004303375
-0.003178382
-0.017095658
0.020402767
0.005922816
0.00171957
-0.007179104
0.017826761
-0.001125471
-0.00163989
0.002310267
0.015464015
-0.005161519
6.88E-05
0.015231731
0.008920195
-0.006771834
0.005885832
0.010241779
0.010658919
0.01460201
0.003516019
-0.004631711
0.009786165
0.004179076
0.016343282
-0.019008636
0.010867494
0.016483654
-0.007414666
0.011356223
0.019000563
0.011254689
0.005935093
-0.002027329
-0.017347408
-0.000679253
-0.008001944
0.019811764
-0.009023366
-0.012620333
-0.020996088
0.006441126
0.010841476
0.000462824
0.000795332
0.000867938
0.01230087
0.010682502
0.005895512
0.013476729
-0.008503074
0.008405872
-0.002238274
-0.000871795
-0.015856708
0.00476594
-0.002286793
0.00050497
-0.010724851
0.014613349
-0.007522277
-0.013651976
-0.013444749
0.008244553
0.000112238
-0.002820987
-0.001317686
0.012698868
-0.010160774
0.025005396
0.004419486
-0.001933856
0.000770713
0.010917252
-0.008586865
-0.015868378
-0.001629622
0.013050828
0.000355846
0.003349684
-0.001069805
-0.009558791
-0.004908067
-0.001835652
0.003485415
0.009551486
0.006515144
0.013350221
0.002081859
-0.007732185
0.006262456
0.000536648
-0.006140321
-0.003384921
0.015350766
-0.013802879
-0.001011809
0.005899499
-0.007194159
-0.007737803
-0.017879566
-0.002527954
0.007210582
-0.017307942
-5.63E-05
-0.00848975
0.004234088
-0.011588446
0.014310996
-0.012681535
-0.018711858
-0.005820096
0.008795839
-0.005143374
0.011685526
0.013133703
-0.001908066
0.000148219
0.003118902
-0.002423706
0.001479955
-0.000324264
0.003408049
-0.000431044
0.003482736
0.005153662
0.001090476
-0.006962344
-0.005536723
-0.000745485
-0.001059431
0.006860662
-0.000164151
-0.002437132
-0.00152765
0.012936484
0.003953039
-0.003336098
-0.001773329
0.015858931
0.00632106
-0.075734969
0.022285583
0.038260257
0.014540677
0.007841073
0.010811561
-0.002003754
0.001167095
0.003186356
0.003503496
-0.000397019
0.005170349
-0.006620271
0.004209697
-0.004440805
-0.002427166
-0.008338003
0.001134935
0.010049413
0.008037803
0.001102692
8.52E-05
-0.004808125
0.005840375
0.002724486
0.001515698
-0.001653603
-0.003879723
-0.000767096
0.003888003
-0.001705456
0.003598768
-0.004843833
-0.005948711
-0.008174242
-0.004508205
0.002454162
-0.002535529
0.000113912
-0.005340655
-0.000239965
0.012741787
0.003499731
-0.004264743
0.004693973
-0.009827122
-0.004985402
-0.003506814
0.000682693
0.001740122
0.009368449
0.000771811
0.004468018
-0.002759201
-0.008198673
0.002928085
-0.005892001
0.001366124
0.01027032
0.000479011
-0.006288429
0.011703029
-0.002856586
-0.029924852
-0.024168907
-0.00090688
0.001433627
-0.014107952
0.001130712
0.014646269
-0.006300296
-0.001696682
-0.008687794
-0.017933019
0.007828684
-0.004819371
-0.006262531
-0.010333676
-0.013347107
-0.016023129
0.005258215
0.015712464
0.00991112
0.005039788
0.008760431
-0.003253463
-0.012966356
-0.021418953
-0.00909798
0.039330895
0.013666414
-0.001062986
0.012251381
0.01357105
-0.0089602
0.011584666
0.009708132
-0.004957529
0.003877268
0.026646141
0.001950263
-0.007182428
0.010643213
0.016043643
-0.007199093
-0.000129027
0.003167108
0.001103445
-0.014337453
-0.001429344
0.006089033
0.010405585
0.011346259
-0.00581397
-0.003037103
0.000698818
-0.009790472
-0.000269291
0.005002334
-0.002780165
0.000537314
0.002114211
-0.000799011
-0.001320572
0.007956019
-0.00607232
0.009052202
0.015887406
0.001672058
0.018523119
0.005698108
0.007184796
-0.01169973
0.01412025
0.001921124
-0.000876906
-0.001872296
0.002068911
0.002175304
-0.007598878
-0.003111717
0.004752506
0.008866199
-0.013054528
-0.013438333
0.002725778
-0.00919963
0.007421002
-0.007960226
-0.003215445
-0.00149436
-0.018167069
0.006183847
0.016744889
0.003349705
-0.005810881
0.010451859
-0.00067933
-0.007420264
0.00717312
0.000401577
0.016357736
0.000308849
-0.034977786
0.018779505
0.015529832
-0.005480885
0.004593994
0.009275868
-0.006288917
0.001086251
0.001675059
-0.002796696
0.003416564
0.005431314
0.005446827
0.014888956
-0.002743459
0.005146399
0.002597499
0.000107472
0.007906526
0.006805327
-0.006693866
-0.005081628
-0.017773681
0.003439789
0.013588426
-0.013993656
0.003803683
-0.006922529
0.013929496
0.000552382
-0.008179975
-0.007661395
0.00948769
-0.007845617
0.003695947
-0.016060164
0.001133548
-0.006684379
-0.009812925
-0.004341216
-0.01282158
-0.000285186
-0.005277633
0.00689434
-0.011754578
-0.008966971
0.011624738
-0.014817269
0.005304687
0.002023481
0.010837859
-0.002622764
-0.00419086
-0.003503219
-0.010424391
-0.003942004
0.005387061
-0.008059401
0.005640943
-0.016818934
0.007596563
-0.001289879
-0.003329117
-0.001095967
-0.027075218
-0.018982664
-0.002962697
-0.020160217
0.004084291
3.46E-05
0.011879898
0.007746148
0.018277396
-0.010635667
-0.015775338
0.016823835
0.00178608
0.005773092
-0.002305239
-0.009280094
-0.012484274
-0.00997426
-0.004469636
-0.004454866
0.017895535
0.002193252
-0.011785954
-0.001446299
-0.005800403
0.011532956
-0.031727615
-0.013099492
4.80E-05
0.011778306
-1.78E-05
-0.001571577
-0.006340987
0.021964234
0.039554166
-0.000831592
0.000179862
-0.008823163
-0.00391997
0.009861449
0.015553265
0.038970104
-0.020190726
0.012787213
-0.003792577
0.016168761
-0.030673745
0.003689668
-0.002119212
0.000311609
0.007639506
-0.040555783
-0.021890035
0.002767641
-0.007356863
-0.023867257
-0.043899982
0.000912038
0.025495311
0.011845055
-0.009918429
-0.001382688
0.017987755
-0.010235638
-0.010795928
0.008545101
0.008901603
0.030615354
-0.005223698
0.004923294
0.020400176
0.0024483
0.002109884
-0.013971638
-0.010911612
0.006639301
0.02523559
0.00954616
0.000349149
-0.006158449
-0.003893566
0.006588385
0.012735084
-0.013658522
-0.013486574
-0.004687372
-0.002991253
-0.021164082
0.00107355
-0.029075733
0.027003037
0.000209206
0.010813103
0.005720295
0.012331775
0.011740873
-0.005011729
0.008987545
-0.009913209
0.003882042
-0.012789632
0.014214305
-0.012177737
-0.006110818
-0.011690287
0.003749592
-0.004653202
-0.000841033
0.014242019
0.014758855
0.021093879
-0.001788517
0.018217442
0.001584001
0.006840504
-0.006173174
-0.000532752
-0.007944141
0.004169087
0.004770371
-0.00818557
0.004414278
-0.020752215
-0.009868993
-0.007951339
0.011717697
0.012967664
0.005708657
0.000108835
-0.010348617
-0.003657399
0.004536703
-0.022510061
0.007082004
-0.008515696
0.001849359
-0.004745495
0.007695135
0.000789206
0.020396947
0.016441765
0.0285995
-0.001809642
-0.005622873
-0.000385492
0.006449275
0.003352948
-0.006548695
-0.011287531
0.014168362
0.011249006
0.005512879
0.011323394
-0.007736963
0.004751749
-0.004489455
0.019891959
0.007578172
0.001349899
-0.003132556
-0.004264206
0.004204061
0.004570716
0.002705566
-0.008630501
-0.001748147
-0.012017989
0.010553827
-0.005442699
-0.004043095
-0.001913097
-0.0004228
-0.011999211
0.006629927
0.001223524
0.023656729
0.012127862
0.003980654
0.001007428
-0.002227528
-0.012627513
-0.007541238
-0.008140254
0.01040309
-0.005714603
0.001460656
0.015591061
-0.001313992
-0.013386613
-0.000976022
-0.008989847
-0.009994366
-0.008986925
0.006485505
-0.014441956
-0.002591298
0.008226083
0.007803818
-0.011369348
0.009576245
-0.001062952
-0.00691087
0.001407803
-0.003041468
-0.022069513
-0.000724217
-0.01216073
0.009739318
0.003869322
-0.015108805
-0.008688962
0.005801022
-0.005223759
0.013298737
0.015840607
-0.000349066
0.007462446
-0.008378001
-0.008454125
0.001621922
-0.004231047
-0.004415705
0.015034105
0.003062271
0.011331536
-0.002095938
0.004807338
-0.001871122
-0.009951061
0.010978267
-0.009688171
0.005238032
0.009834796
0.00316216
0.003677451
0.010697261
-0.001253778
0.015238959
-0.006778491
-0.00285109
-0.00596133
-0.00974042
-0.008126068
0.005014827
0.004439467
0.018674888
0.002687801
0.003278098
-0.000537234
-0.014197693
0.006018286
0.003422108
-0.006713711
-0.010679448
0.009296687
0.01480551
0.005588254
-0.004050621
-0.004303304
0.023088669
0.02420373
0.020475648
-0.008703686
-0.004378037
0.006611892
0.016192123
-0.005274768
0.000589019
0.012820659
-0.002550091
-0.006436411
-0.005466497
0.011384704
-0.010023456
-0.005155375
-0.007939526
0.005681552
0.016770149
0.006600654
0.004713732
0.009928206
0.004893546
-0.011142429
-0.003111687
-0.013374351
0.000866935
-0.00962466
-0.003679637
-0.009763679
-0.000175475
0.005057433
0.007086442
-0.026412464
-0.001381751
0.011429681
0.003736758
-0.006173638
-0.006913679
-0.010842428
0.016901078
0.007621651
0.005372975
0.003216565
-0.005738646
0.000987864
0.005624953
0.014045941
0.002632293
-0.007908443
0.004168425
-0.008223371
-0.005565507
0.000202156
-0.006319047
0.011934853
0.002674916
0.001085663
0.001098441
0.023011086
0.014505239
-0.001852189
-0.007823207
-0.008336429
0.001804923
-0.006409444
-0.005625454
0.000668069
-0.016340711
-0.026067523
0.001814778
0.013388548
-0.012170941
0.004550481
0.009988813
-0.000968409
0.015075898
0.000781821
-0.002067569
-0.029624858
-0.005363415
-0.00041525
0.022817837
0.001047412
-0.000622653
-0.004355245
0.020586693
0.00299924
0.01285415
-0.000758833
-0.004868376
0.013324614
0.002757711
-0.0060188
-0.000828319
-0.018292142
0.002838537
-0.001096489
0.016609283
0.012231171
-0.003428449
0.004471319
0.007711263
0.003764606
0.011073361
-0.005245333
0.007588241
-0.000293659
-0.005715005
0.009800946
-0.007106429
-0.010959704
0.011276229
0.01417993
0.004194782
0.006057782
-0.021430491
-0.013105353
0.004456817
-0.012217104
0.005608955
0.012083243
-0.00743967
-0.006148698
0.013509233
0.001691256
0.001758506
-0.000613591
0.014026855
0.009118885
-0.001316001
0.010513792
-0.014510977
0.003087404
-0.018244831
0.005576753
0.000960471
-0.002300586
-0.009484176
-0.014134026
0.006580594
0.002808314
0.00741836
-0.012971838
-0.016378322
0.005191449
0.011284569
-0.01960025
-0.00425213
0.017643088
-0.024854373
-0.017774015
0.004535873
0.011206875
0.018733866
-0.001559852
-0.007604083
-0.00687012
-0.004436306
0.018274148
0.019448299
-0.007024775
0.002284799
-0.011859138
-0.008431277
-0.000912937
-0.000231773
-0.021876799
-0.00743269
0.003676621
-0.009864347
-0.018810673
-0.000926591
0.008756234
0.013229564
-0.004072712
-0.002267178
0.01432402
0.001523116
0.001771719
-0.006203109
0.009556584
0.00021761
-0.011210441
-0.015698569
-0.005130344
0.020449623
-0.008881713
0.006884563
0.007671434
0.001363561
0.007279567
0.009314918
-0.003317133
-0.017322262
0.009781245
-0.002036642
-0.008749044
0.011876359
0.005417221
0.004702397
0.000397726
0.003331024
-0.005106013
-0.008571468
-0.004591772
-0.010310788
-0.02319361
0.003582122
-0.019901395
0.000896865
-0.011076904
-0.025051315
0.013895174
0.016971996
-0.002250613
-0.006604488
0.011335199
-0.009040109
-0.003788491
-0.021539556
0.007219811
-0.012934765
-0.012063996
-0.003537217
-0.017145555
-0.006463165
0.013792887
0.011400361
-0.016640877
0.002398773
0.007380107
0.005473734
-0.023159958
-0.010167796
-0.003573113
0.006702456
0.005446278
0.01667344
1.56E-05
0.014969806
-0.003941596
0.016601218
0.025273114
0.013341837
-0.004204056
0.004910321
-0.006041252
0.008987564
0.008219198
-0.01023595
-0.001099992
0.010444769
-0.002610646
0.022762942
-0.001020722
-0.008842471
0.005052919
-0.000346513
-0.015241324
-0.004982311
-0.012303048
-0.015809004
0.002687037
0.011182797
-0.012082648
-0.004591383
-0.014444282
0.014094453
0.002825114
0.010032791
0.01771516
0.00605607
-0.007205687
0.004218486
-0.016652472
-0.007170929
-0.011033888
-0.01856278
0.001401042
0.009727506
-0.017583351
0.00917358
0.001305845
-0.008372687
0.012396348
-0.02701932
-0.000894096
-0.001884377
-0.011565912
0.001153679
0.01462375
-0.012861561
-0.000757098
0.001928418
-0.015217967
0.001634966
-0.014158561
0.012491614
-0.022859124
0.005254153
0.007027512
0.02234093
0.010845355
-0.000458673
0.019381993
-0.011654412
-0.013856409
-0.004110365
-0.01180969
-0.004776058
-0.013630227
-0.000271468
-0.009367201
0.003895015
0.014402699
0.025284306
-0.016982434
0.019832976
0.01067987
-0.013331029
0.008083417
0.011548739
0.002307174
-0.003738341
0.006905236
-0.002217824
-0.011692541
-0.000534505
0.000690133
-0.008553828
-0.009630775
0.021731523
0.005777518
0.003329685
-0.006376632
0.018371725
-0.006086483
0.009506844
-0.004579975
-0.002384215
0.000451915
-0.008027709
-0.00878939
-0.009164265
-0.001152113
0.006711522
0.000559423
-0.00360028
0.002040367
-0.001749373
0.008366128
0.005733472
-0.001127656
0.008538462
-0.005399562
-0.014496329
-0.017624829
-0.006886897
0.002527171
0.008385085
-0.01603927
0.007913973
-0.011827516
-0.002701826
-0.005425651
-0.002745596
0.005365017
0.010105297
-0.008510005
0.001791667
-0.012527954
-0.013028751
-0.022582153
0.004126085
0.012443533
0.013128713
-0.006675097
-0.000385934
-0.008600762
0.016482799
-0.006410771
0.014394008
0.015980785
-0.00089244
-0.010496287
0.012632538
-0.002692424
-0.010264331
0.003118932
0.003125347
-0.01455299
-0.006851758
-0.011162388
0.001873687
-0.000692523
0.01246925
-0.011710271
-0.001978986
-0.014149361
0.017578224
-0.000558673
-0.006722966
-0.012324697
-0.013992834
0.004650017
-0.017044872
0.009238806
-0.012294882
0.027038507
-0.017328571
0.026763903
0.00171768
0.012632098
0.001219193
0.002312929
-0.012353352
0.011973738
0.010297377
0.000593473
0.008255662
0.02166998
-0.017865993
0.002427838
0.01001938
-0.005245386
0.009162771
0.00538186
-0.010282323
-0.00619164
0.001400605
0.004907992
-0.013615993
0.010293341
0.003779716
0.024340045
-0.005126243
0.014191169
-0.001856877
-0.005865846
-0.006494508
0.009540161
0.0175136
-0.012702927
-0.009696482
0.031288941
0.004014719
0.003474752
0.006789568
-0.012841925
0.004878791
0.001702468
-0.007460367
-0.012297765
0.00713818
-0.007214501
-0.002363742
-0.021445558
0.004549137
-0.000269771
0.010657478
0.006575016
0.00534067
-0.002722721
0.004440922
-0.011971981
-0.028155209
0.005640303
0.007852719
-0.015271073
0.014183519
-0.008233941
0.007051382
-0.01169745
0.003490515
0.011734845
-0.015779276
0.003881496
-0.013105626
-0.006529336
-0.001904839
-0.001655594
0.011159672
0.005178939
0.00964929
-0.009622828
0.031932593
-0.000723042
0.006101213
0.000173338
-0.006823591
0.001630845
-0.011601758
0.001134665
-0.01315589
0.001106453
0.01121022
0.006086459
0.000612791
0.002750355
-0.007782221
-0.006613362
-0.001162109
0.021775869
-0.004704856
0.003198643
-0.003434468
0.002197167
-0.005602313
0.00281534
-0.001545401
0.012337451
-0.001574548
0.002178313
0.006511651
-0.010679467
-0.003030012
-0.009367233
-0.000701577
-0.024955186
0.004992674
0.011473742
-0.019996356
-0.000903035
0.009957224
0.001030765
-0.009352501
-0.012315749
-0.003659263
0.007936507
0.002073071
0.013081509
-0.003091861
-0.006574192
-0.00438734
0.005732201
-0.009988632
-0.005309733
-0.034701296
0.005507815
0.00869263
-0.013569602
-0.013620484
0.011682028
-0.004281246
0.011163317
0.001758879
-0.00196993
0.005124821
-0.013273153
-0.004349456
0.009220783
0.005180408
0.007335469
-0.014713975
-0.006022039
-0.005114928
-0.007573818
-0.009479719
-0.011311959
0.001782113
0.022883008
-0.005684676
-0.006715312
0.029942424
0.010345445
0.008087341
0.001835645
-0.00517685
0.018864741
0.004823195
-0.007367684
-0.00693851
-0.000859149
-1.63E-05
0.019912383
0.015850842
-0.007703573
-0.004835743
-0.004512131
0.001355245
-0.004467514
0.012687567
-0.000629511
-0.010329604
-0.00698026
-0.015764338
-0.004039258
-0.02561483
0.022292293
0.010894393
0.006546179
0.005147009
-0.003637427
-0.000351491
-0.008243998
0.022229489
-0.008424812
-0.021078471
-0.005651849
0.011528629
0.00173506
0.021032398
-0.003582853
0.005534646
0.001080911
-0.0037803
0.019263362
0.017957869
-0.006065834
-0.007009769
-0.000605068
-0.000140887
-0.003230193
-0.006439166
0.005118999
0.008773566
0.014291485
0.007095306
-0.003025937
0.002150681
-0.005032292
-0.010461713
0.006128806
0.002166236
0.008445461
0.007067955
0.011270737
0.008896325
0.001512934
-0.000929244
-0.018274874
0.0014494
-0.002608417
-0.013773714
0.002292683
0.003574051
0.007927149
-0.013681423
0.003994302
-0.005979526
-0.006556659
-0.00381189
0.002346703
0.008411015
0.012025131
-0.008106052
0.00690648
0.011265639
-0.003069472
0.013183955
-0.000932424
-0.006656319
0.001971142
0.001066289
-0.016352859
-0.013541303
-0.008668013
0.006310048
0.009271295
-0.006282401
0.007611514
0.001108789
0.001315726
0.003597965
-0.001285673
0.014821119
0.002053952
0.011172692
-0.005204333
0.012202654
0.005297057
0.007164285
-0.003100808
0.005296029
0.003247795
0.005857787
-0.010282201
0.001070586
0.002801244
0.008032787
-0.010650892
0.005210198
0.003106447
0.011447052
-0.002156784
0.004780268
-0.002713258
0.010346273
-0.00355107
0.007485593
-0.00466432
-0.010074917
-0.011869463
-0.003200647
0.000801123
0.013994767
-0.006618221
0.010054715
0.001205636
0.005758484
-0.007666508
0.004291468
-0.01238795
0.005196861
0.001512252
0.007175573
-0.007435328
-0.00409889
0.000768046
0.005218439
-0.004773053
0.002058515
0.008412292
-0.01474806
0.008927722
0.007824685
-9.83E-05
-0.005202323
-0.006805155
0.000596475
-0.002416502
-0.003440545
-0.011307561
0.003412431
0.006432643
0.009867112
-0.002434005
-0.000203496
0.005122103
-0.002333558
-0.003285628
0.001031762
0.006050778
-0.013262216
-0.00944512
-0.001198374
0.002539427
-0.00394176
-0.011207112
-0.010313665
-0.019906007
0.002810809
0.006071421
-0.007214869
-0.016442913
0.011109647
-0.014292744
0.010471566
-0.005998702
-0.000897053
0.003761211
0.013823315
0.006994903
0.006699237
-0.005063678
-0.006903403
-0.001301275
0.000340497
-0.003952892
-0.005731281
0.001212507
-0.000530291
0.003373909
0.016502807
-0.009263978
0.008520856
0.001515384
-0.000197959
-0.001203444
-0.007505836
-0.012732369
-0.003520622
0.003227288
-0.00281126
0.006743871
0.005757363
0.004258963
0.007726651
0.010742469
-0.001990109
0.013311012
0.007236375
0.002793673
-0.002558166
-0.003914691
0.00462088
-0.001379214
-0.005966424
0.006946967
0.01047105
0.000346995
0.001382032
0.012151494
-0.004511265
0.008736178
-0.002688218
0.007741168
-0.00052971
0.004632418
-0.006884493
-0.005174752
0.005365724
-0.001631421
0.011438238
-0.004511425
0.003149973
0.009148311
-0.002295297
-0.002116704
-0.012371616
0.001283578
0.005011543
-0.005583368
-0.011529244
-0.000461122
0.007385264
0.000765879
0.020867053
0.011839191
-0.000705056
-0.002992977
0.010793167
-0.005370746
0.000446411
0.009936137
-0.005155366
0.005030376
-0.002977577
8.06E-05
0.009757175
0.009561893
-0.000905053
-0.001896236
0.008568199
0.011007565
0.00128175
0.013060039
-0.017373595
-0.007020013
-0.022845682
0.006725166
-0.001970164
-0.017076667
-0.000528767
-0.003940651
0.008658024
-0.013074568
0.011417455
0.013345201
0.013178227
0.00390279
0.000922003
0.006182938
0.001388076
0.005050188
-0.001251521
-0.025701767
0.011362031
0.010419689
-0.00216129
0.012919669
0.007460457
-0.009229032
0.01440488
0.017160397
-0.005912186
0.008253188
0.007171753
-0.007865581
0.001569774
0.013428774
0.007663623
-0.012638186
0.001985404
0.019354275
-0.00717498
0.015318119
0.005378906
-0.003187993
-0.002186918
0.015138107
0.006737703
0.015163355
-0.000828055
-0.00512994
0.006654571
0.011125381
-0.000376725
0.002683443
-0.006458514
-0.008733278
-0.007551293
-0.004826715
0.001952954
0.015407303
-0.002130564
0.010409971
-0.0083446
-0.002799643
0.019585733
0.005453314
0.012201206
0.003462054
0.000343332
-0.008548138
-0.016686292
-0.003640643
0.005123436
-0.021873245
-0.005590513
0.008826681
-0.016717245
0.012998034
-0.003038863
0.017284851
0.009285139
0.002996943
-0.028582646
-0.020164608
-0.006248038
0.001371091
0.021351307
0.002597399
0.014837039
-0.003666625
-0.012893495
-0.003279718
0.021015819
0.000129731
-0.002211549
-0.02619689
-0.009818174
-0.003176282
0.007515422
0.002440146
-0.001406595
0.005500839
0.020419447
0.01396351
0.005987058
0.006580169
-0.007853901
-0.003255757
-0.003562486
0.022219799
0.009788223
0.020039948
0.00049724
0.002974667
-0.011984846
0.012728029
-0.016172567
0.007720924
-0.039934131
0.009596931
-0.036926325
-0.001522545
0.001820584
0.006753616
0.00881761
0.004136998
0.020833539
0.010498978
-0.012228551
-0.008231238
0.011943347
0.023488836
0.017329153
-0.004514326
-0.011971063
-0.003938826
-0.004388664
0.006334627
0.001848061
0.00813423
0.029257952
0.00909558
-0.000898926
-0.011403251
0.02956974
-0.011818728
0.009417783
-0.000851577
0.00448137
-0.006074061
0.007057408
-0.007303188
0.004258457
0.003092179
0.012565184
-0.00989481
-0.028072476
-0.000893787
0.016223987
0.027817736
-0.010038464
0.017471988
-0.001236744
0.000473053
0.014991426
0.002073241
-0.008564796
-0.018878884
-0.002780889
0.017601626
0.006318302
-0.01984994
-0.004291185
0.005058511
-0.025169287
-0.000752667
-0.01785623
0.02274528
0.014575699
-0.007425285
-0.018084724
-0.001950783
-0.010163355
0.000850032
-0.015189473
-0.020690516
0.01267876
0.040274415
-0.001106341
0.003103558
-0.000847646
0.005585311
-0.007224535
-0.015584623
-0.010832243
-0.003357014
0.022520921
0.014361877
0.001172562
0.01160697
-0.000399627
0.01343556
-0.006723575
0.008815868
-0.006100381
-0.006593236
0.001114721
0.006436338
0.015394841
-0.00093663
0.013647935
-0.005194447
-0.004415219
-0.013251405
-0.021198074
-0.001872964
0.015403027
0.00151835
-0.004461718
0.000237259
-0.011712668
-0.003830832
0.014547304
-0.010702949
-0.034807028
-0.002748034
-0.028261238
-0.043655947
0.060966013
-0.028262942
-6.21E-05
0.017607732
-0.004695435
0.016979962
-0.014489283
-0.02996103
-0.00115264
0.001504467
-0.001712158
0.028142131
0.003463176
0.002852956
0.010916489
0.014257072
-0.020911114
-0.005804545
0.009071305
0.006155328
0.010611541
0.020524565
-0.001848559
-0.00369362
0.004160369
-0.001497114
0.007661063
0.009141474
-0.009240371
-0.036017315
0.000639722
0.002826131
0.02570723
-0.006521504
0.000431947
-0.025047659
0.016453223
-0.004050384
0.005565058
-0.000978182
0.02347145
0.012176119
0.00784688
0.013654678
0.010698648
-0.011491689
-0.010257416
-0.017374763
-0.0119598
-0.019809203
0.014011229
0.005794549
0.004425429
0.014669809
0.003642441
0.007135632
-0.003406341
-0.003180386
-0.007536889
0.011504127
0.017034723
0.011804159
0.014644882
0.012153731
0.004830471
0.000291722
-0.006977552
0.007344436
0.008448037
0.001329688
0.004590588
0.001309499
-0.019101022
0.002836757
0.011661094
0.017010449
0.00038402
-0.009515804
0.003644949
0.003359867
-0.003320021
0.025889269
0.014478632
0.007300277
0.007215454
-0.009277827
-0.009873259
0.004273208
0.025417779
0.012164389
-0.001231667
0.005075822
-0.00363997
0.00386597
0.016258698
0.017458008
-0.002491063
0.00985133
6.24E-05
-0.002382944
0.015747083
0.021217508
-0.009189159
0.006966045
-0.002627964
0.019693082
0.00193321
0.013446608
-0.000981202
0.013823074
-0.021161699
-0.007560656
0.005306159
-0.006910493
0.00437292
-0.010004546
0.00405838
0.006224148
-0.006529769
-0.006583117
-0.003379829
-0.010200641
-0.02611148
0.024495199
-0.011529638
0.038610941
0.023763812
-0.007409911
0.00064366
-0.010463807
0.027989106
-0.007473266
0.008100365
-0.001937314
-0.005436012
-0.011321342
0.008965321
0.016710317
0.00045939
0.014446552
0.001743552
-0.024225203
-0.000610038
0.006514358
0.011274532
0.015150204
-0.007338817
0.015900953
0.004655756
-0.000647123
0.001602766
-0.01604545
-0.022180083
-0.011278544
0.001982888
0.01964979
-0.009981434
-0.006176076
-0.002157605
0.011480046
0.014964809
0.018602865
0.002824394
0.007689128
-0.010599163
0.013523155
-0.002018145
0.012222482
0.001559983
0.005087821
0.001572697
-0.004788041
-0.014653584
0.020452656
0.003178425
0.006939859
-0.004469376
-0.010776782
-0.023873204
0.003729896
-0.007221668
-0.015789537
-0.004158866
0.004076727
0.014022346
-0.004854964
-0.019893455
-0.011580756
-0.0178164
-0.001966019
0.018299062
-0.025668811
-0.024012673
0.025597931
0.001516957
0.010877715
-0.002782403
0.03440304
0.000598863
-0.00930946
-0.035816792
-0.001586071
0.023069401
-0.02924984
-0.04375529
-0.009838287
-0.015520322
-0.001523676
0.022609546
-0.022562924
0.012072855
0.001245583
0.028909521
-0.010999507
-0.047014159
-0.003072122
0.037428527
-0.0045354
0.008433778
-0.056271719
-0.01717807
-0.036012217
0.001593273
0.022388025
-0.012535231
-0.021083552
0.008137549
-0.000176787
-0.042577204
-0.051307284
0.000371885
-0.019688194
0.051214765
-0.01244448
-0.045477539
0.043930029
0.05363592
0.004747669
0.024757699
0.000362917
0.008246053
0.001547429
0.02821669
-0.014925349
-0.005788669
-0.007971069
0.016285044
0.028935354
-0.016226126
-0.002915283
0.011275589
0.013160515
0.003925499
0.027663505
-0.024170378
-0.002101657
-0.000922783
-0.011382916
0.004360335
0.000561604
0.016598192
-0.005615084
0.003030192
0.025758126
0.025553161
0.011272903
-0.001673349
0.002720694
0.016919108
0.009002828
-0.027601338
-0.041175695
-0.010473983
0.017856502
0.006149523
0.008690022
-0.001541803
0.001910317
-0.006819556
-0.013777532
-0.008830169
0.002875849
0.009134043
0.011718088
-0.015929269
0.029759511
0.004475419
0.013506183
0.000175585
0.004636674
0.013163728
0.050650121
0.012764479
0.022139423
-0.015049272
0.003480382
-0.010303951
-0.024379113
-0.03523695
0.00963835
0.01434474
0.023609241
-0.008633683
0.017823732
-0.008624173
-0.032963725
0.00779917
0.005043054
0.006566005
0.024482499
0.012336472
0.012183813
-0.014121339
-0.01298105
-0.005126707
-0.004839619
0.00161902
-0.02820568
-0.009094115
0.017441028
-0.002946133
0.001188843
-0.003170926
-0.016629291
0.013438376
0.022294981
0.008529114
0.010052856
0.001365528
-0.01461611
-0.014461473
-0.014988607
0.004103621
-0.011044732
0.020719586
0.02454231
-0.00324905
-0.00387967
0.000603212
0.005288336
-0.002237001
0.002413833
0.000293855
-0.003910799
-0.004239178
0.016072931
-0.005367906
-0.028417202
-0.005237409
0.019243636
-0.005161946
0.009176107
-0.002813531
0.013405702
0.007586895
0.017489809
0.003145255
0.002927596
0.00746279
-0.001867371
0.002845546
-0.00416444
-0.008919331
-0.002259757
0.0180714
-0.029209929
0.008971525
5.83E-05
-0.006878455
0.005141099
0.024558253
-0.003700826
-0.000724884
0.007706649
0.0084741
-0.000966065
-0.015983589
-0.008028627
-0.010131367
0.013336294
0.000650789
0.001105141
0.013930746
-0.021065551
-0.017472043
0.014903893
0.014541065
0.010457231
-0.005392279
-0.005551827
0.000662822
-0.011545413
-0.002638438
0.008365758
-0.008678667
0.00038243
0.00903827
-0.002361254
0.013714582
0.000758073
0.003354488
-0.009405548
0.001104163
-0.003069119
0.010418076
0.014285749
0.006010794
0.006805702
0.001217438
-0.001552329
-0.012501687
-0.010644042
-0.003913643
0.010884896
0.008607421
0.007251891
0.015887286
0.002472393
0.016563112
-0.001135208
-0.006480181
-0.006686541
0.003599545
0.003104155
-0.014612016
0.015338864
-0.001905077
-0.008202264
-0.01536837
-0.010396156
-0.00260265
-0.011001206
-0.008792155
0.005559786
0.000584991
-0.028006057
0.017416645
-0.000956629
-0.005295101
-0.006577645
-0.019961209
-0.004031034
0.01626518
-0.011138229
0.005543629
0.022401485
0.015595877
0.0055032
0.004698784
-0.000109387
-0.015832629
0.014210511
0.003426591
0.011752787
0.019375434
3.02E-05
0.002877458
0.003167693
-0.014755866
0.009576548
-0.018027531
0.026407345
-0.000927154
0.002543869
0.000145291
0.007833597
0.005930546
-0.006066223
-0.004119328
-0.007558205
-0.004615937
0.000812074
0.007757838
-0.014539575
-0.009761488
0.007224091
-0.013207209
0.012198276
-0.011526824
-0.001947352
0.01234662
-0.008936845
0.011507904
0.012497505
0.006541345
0.010714562
-0.004296201
8.89E-05
-0.013604463
-0.012026417
-0.004184416
-0.013001868
-0.006456986
0.021109021
-0.002916341
0.005350647
0.01625218
-0.00182303
0.00795877
-0.002454892
0.011345287
0.029056006
0.002023064
0.003936291
0.00525272
0.006484129
0.003785106
0.000558428
0.010800761
0.015760481
0.001835776
0.007097177
0.002484296
-0.002464984
0.013065485
0.003216122
-0.022144387
0.000953321
0.007060389
0.030968195
0.008258967
-0.004285628
-0.006026785
0.007421444
-0.00507099
0.021042631
0.007637116
0.004443856
-0.008599507
0.01114572
-0.012243437
0.009923054
0.005172877
-0.006190419
0.001812058
-0.006839021
0.003394566
0.001471447
0.016510801
0.01938993
0.020917815
-0.00308549
-0.001267413
0.001829431
0.020443114
-0.006896469
-0.042346778
-0.03449496
-0.005414563
0.016288309
0.019044482
-0.005722918
-0.00560896
0.00904806
0.027005287
0.009516659
-0.029497446
-0.004149299
0.010613523
-0.004989888
0.001677779
-0.01654131
0.008683936
0.007416218
0.007478536
-0.012508437
0.019874303
0.029598723
0.033535073
0.020289798
-0.011561675
0.015051591
-0.00414663
-0.010270045
0.01272414
-0.002977224
-0.028428532
-0.007638291
0.017816708
-0.015099717
-0.015867332
-0.000665516
0.01132859
0.007849732
0.017911335
-0.013979141
0.014353951
0.010501989
0.0347502
0.005628241
0.004880527
-0.016035355
-0.015153393
0.01228987
0.013430223
-0.026988042
0.002115505
-0.025746101
0.011181505
0.007283435
0.007621243
-0.004993153
-0.00659994
-0.001750136
0.015191184
0.013513941
0.011321763
-0.002888769
-0.029904017
-0.004407989
-0.025094098
0.014842961
-0.030184494
0.030518739
0.01340901
0.008973511
-0.016391525
-0.003635169
0.004101408
-0.032221635
-0.000852696
0.01423683
0.003089194
0.010975058
0.013665106
0.011105316
-0.022631404
0.027135498
0.02198341
-0.019505067
0.008677754
0.008286912
-0.004799331
-0.022479938
-0.016824654
0.018474884
0.010778473
-0.008877498
0.02550321
-0.016039771
-0.000167377
-0.040473518
-0.016579416
0.008885332
-0.019951942
0.016873317
-8.32E-05
0.012320291
0.019211133
0.015805219
0.026632988
0.011121748
-0.002589692
-0.010039319
-0.013947066
0.003864187
0.003884433
-0.002478236
0.011454405
-0.01449906
-0.008746906
0.007545505
0.007620205
-0.009836286
-0.002449553
0.010824799
0.006230787
-0.002762586
0.006051908
-0.031848876
0.007117446
0.009560853
-0.002107168
-0.004950051
-0.001351742
0.017204805
-0.012035333
0.000451541
0.007086926
0.005165242
0.007413445
-0.015945469
-0.002987016
0.010515547
-0.015298248
0.005930598
-0.005963086
0.004490276
0.002849778
-0.014823223
0.019566598
-0.001560256
-0.00036441
-0.027162271
0.016607385
0.008888852
0.002053408
0.005760696
-0.001163506
-0.001454763
0.008563866
0.004114465
0.007127289
-0.00731867
-0.006196688
-0.003451323
-0.008852713
-0.001845505
-0.006135646
0.020400431
0.003014356
0.002863612
9.50E-05
-0.001387628
0.028015655
0.015822997
-0.009517391
-0.008784585
0.00552702
-0.019368569
-0.004238191
0.003408412
-0.019434246
0.010452286
-0.003510269
-0.014047546
0.001159946
-0.019253218
-0.023801695
0.00060895
0.012338523
-0.006685514
0.004079648
-0.001387084
-0.007060166
0.013096391
0.008030055
-0.016430017
0.006173597
-0.012182597
-0.023989566
0.005425464
-0.030942795
0.005789004
0.012196012
0.003921912
-0.003437218
-0.021626067
0.02151563
0.013582485
0.00533582
0.022613965
-0.007275276
-0.011129094
0.009699251
0.004442234
0.015884378
0.001778756
-0.001364627
-0.000217201
-0.00732172
0.005311549
-0.007866666
-0.010292638
-0.019915882
-0.018015755
0.030702746
0.012101273
-0.00297501
-0.019468706
-0.02300386
0.009787888
-0.022672379
0.018060559
0.015183889
0.004169859
-0.016684278
-0.001413041
-0.022116672
7.08E-05
-0.023378178
0.034514388
-0.001611001
-9.19E-05
-0.007609893
0.023061302
-0.004984531
-0.014216785
-0.009545116
-0.011257493
0.008177734
0.012049427
-0.032848561
-0.00128067
0.004298846
0.012614334
0.010774658
0.000982526
-0.021752076
-0.020004238
0.022947014
-0.010017355
-0.004389598
-0.01221673
-0.001739048
0.008705485
0.022807374
-0.000164557
-0.012369229
0.021024735
-0.004075191
-0.002465427
0.006314559
-0.007341477
0.010322024
0.005806522
-0.001527786
-0.006385925
0.004955516
0.013652857
-0.016602879
-0.012510727
-0.000494427
0.004943552
-0.01727133
0.003699595
-0.010639306
0.008214945
-0.003556986
-0.016656422
0.010626812
-0.01936402
-0.001856908
-0.006468794
-0.013493674
-0.00400665
-0.024063556
0.017184352
0.004175864
-0.013008687
-0.004881967
-0.009295429
0.014428879
0.016340489
0.004825911
-0.008243701
-0.012911524
-0.023841775
-0.010648976
-0.013855286
0.01207807
-0.01417782
-0.01106442
0.01763077
-0.02256309
-0.040405229
0.025842405
0.034475667
0.021389951
-0.016401245
0.001453191
0.004358528
0.005780057
-0.040434389
0.013462135
0.016957743
-0.003660813
0.008429827
0.028155496
0.005667401
0.002083055
-0.00592328
0.030262146
-0.004557077
-0.005619725
-0.00967905
0.005097375
-0.003063072
0.013570992
0.017045549
0.011423091
-0.011972025
-0.021005343
-0.000278577
0.007845526
0.003342581
-0.004514492
0.02061245
-0.007018289
-0.014388347
0.010226842
-0.00387465
0.012588175
0.008118724
0.002444582
0.007303362
-0.011079032
0.004559151
-0.013263637
0.004358147
-0.011490369
-0.017840485
0.001820441
-0.003946032
0.015263819
-0.003592201
-0.007872273
-0.002471241
-0.003952705
-0.019856371
0.007817719
-0.010620998
-0.010099783
-0.016063213
0.007554316
-0.005577696
-0.00689346
0.009439299
0.005730443
-0.023822504
-0.00650545
0.014883587
0.017718578
0.013530159
-0.017278566
-0.005905087
-0.009962253
-0.024592302
0.00558708
-0.010793274
-0.011877066
0.009467361
0.012779208
-0.000493631
-0.008842908
-0.022556217
0.012837634
-0.01012944
0.006376252
-0.011532226
-0.017122024
0.014341987
0.025493594
0.013311052
0.010238033
0.00528929
-0.004662214
-0.011345983
0.006924486
-0.002891915
-0.013028871
-0.019835518
-0.008686845
0.015221917
0.008558191
-0.005793919
-0.010461977
-0.021791775
0.00293872
0.009025336
-0.00471235
-0.000548763
0.02201597
-0.002192959
-0.018530573
0.003972811
-0.027472804
-0.003093727
-0.012778177
0.009497286
-0.022156454
-0.02006406
-0.015120152
-0.00676805
-0.076780846
0.013337593
-9.48E-05
-0.050957261
0.02674498
-0.011340477
-0.020677378
-0.039535194
-0.023085702
0.055462266
0.010731629
0.018451017
0.009438331
0.01626036
-0.018420555
0.009961284
-0.005058934
0.041745467
-0.007425374
0.001787221
0.001140232
0.03352577
0.0026127
0.001430622
-0.028764238
0.022196537
0.02362954
-0.016782875
-0.01701777
0.01775515
0.026026102
0.006841812
-0.024344673
0.022622416
-0.021529019
-0.030415179
0.020798541
0.005890996
0.000563165
0.026188601
-0.005286683
0.007053104
0.01759747
-0.012932486
-0.030978108
0.042299865
0.002058908
0.000478565
0.00218668
0.015828977
-0.014473978
-0.007975519
0.009341729
-0.005664082
-0.002066053
-0.017361378
-0.009028962
8.32E-05
0.00676762
-0.002733813
0.014544773
0.032220314
0.000391154
-0.007817836
-0.01883909
-0.00095518
-0.009105598
-0.02242358
-0.016145382
0.032897443
-0.001131031
-0.002722392
-0.009264072
0.016271816
0.000613235
0.019588761
0.007252841
-0.009590493
0.021759424
0.000339599
-0.014465215
-0.010333696
0.004133221
-0.015708044
0.008637119
-0.022361638
0.014366542
-0.020779109
0.011266092
-0.006003722
-0.005646581
0.005167691
0.000919356
0.012783022
-0.005284486
0.012597849
-0.014430354
-0.015496681
0.012312511
-0.001415206
-0.013107461
-0.020629568
-0.007910025
0.005097182
0.000788859
0.012521762
-0.003511618
0.006090293
0.014751637
-0.011880258
-0.006866104
-0.021083119
-0.004089302
0.011313471
-0.009849571
0.014090406
0.008193146
0.019132254
0.008614205
0.005236111
0.026617332
-0.005809648
0.001611973
0.006162129
0.002727783
-0.009192913
-0.007901632
-0.005924363
0.005086769
0.009083637
0.008135367
0.004124811
-0.008894253
-0.005204886
0.004720386
-0.002874888
0.008617273
-0.001052829
0.013923212
-0.013030291
0.001064842
-0.020490174
-0.004994482
-0.01873634
0.00720119
0.012891716
-0.017915616
0.006004622
0.007624792
0.021151776
-0.000313178
-0.001844085
0.003825893
-0.010246787
0.000677482
-0.007601337
-0.016031082
-0.000653267
-0.005110632
0.007277568
-0.009270352
-0.015186335
0.00282957
-0.016358347
0.024740297
-0.003904051
-0.013083119
0.010465069
0.016261037
0.005415789
-0.001098725
-0.00525744
-0.009541339
-0.000352275
-0.016712344
0.003530279
-0.000958634
0.005352881
-0.004859623
-0.001088257
-0.017384984
0.003397865
-0.011171881
-0.038897805
0.003346681
0.00456609
-0.019193908
0.001160939
0.020759728
-0.025786078
-0.011914098
-0.029298029
0.042609486
-0.001354911
-0.017467836
-0.026653139
-0.008527752
-0.034892819
0.026135082
-0.01748146
0.011190472
0.040632385
-0.000159069
-0.042377457
-0.030531017
0.02016335
0.043959721
-0.001276933
-0.010248404
-0.04351764
-0.040259438
0.000353003
-0.055476497
-0.001785728
0.036422326
0.020945207
-0.055491549
-0.053876875
-0.025574358
-0.015251738
0.04083562
0.007225273
0.068009375
-0.004716878
0.010457431
-0.052496319
0.001436924
-0.04087823
0.052951588
-0.004356787
0.035426654
0.017404362
-0.024515421
0.007636235
-0.045074467
0.040574989
-0.000272629
0.03463817
-0.015112141
0.012876613
0.030347874
-0.018686566
-0.015666206
0.02818224
-0.043141117
-0.02606083
0.010283788
-0.028153817
-0.045687513
0.013375257
-0.009292896
0.033601342
-0.014535297
0.030718813
0.029085205
-0.046757507
-0.026781803
-0.004515641
-0.009311346
-0.036593378
-0.0248994
-0.012499303
-0.033954992
-0.018602264
0.015401367
0.061298081
-0.003700964
-0.060448185
0.018234508
0.038927507
-0.02751006
-0.033819116
-0.01176129
-0.01449234
-0.014121804
0.037707284
0.05079526
-0.005874706
0.067266992
-0.00595738
0.036921186
-0.008230239
-1.90E-05
-0.011443369
-0.042137739
0.027328248
-0.005952389
0.020710613
-0.051191269
0.039384658
0.021116362
-0.012949994
0.034503073
0.008883366
-0.010690091
-0.031985878
-0.01735566
-0.001465998
0.003576137
-0.009781288
0.03680909
0.004370161
0.014466117
-0.00978444
-0.007496801
0.042426288
0.004733216
-0.003059932
-0.024726066
0.030197042
0.004885805
-0.001003509
-0.008419151
-0.023463664
-0.006982168
-0.013149227
0.008742436
-0.022262639
0.008666834
0.014950917
-0.016645136
-0.019497647
0.031039016
-0.011165335
-0.019698192
-0.007560868
0.009333527
0.001546074
-0.002055473
-0.022797228
0.004409504
0.012734507
0.04190147
-0.002237229
0.006998927
-0.015469776
-0.021391429
0.018635333
0.002483993
0.003061638
0.00132727
-0.012481359
0.002526585
-0.027636156
-0.012131134
-0.009207611
-0.020599097
-0.004585133
-0.006660307
-0.036116724
0.001533279
0.014177241
0.025749661
0.008116914
0.006754135
-0.032397715
0.007348523
-0.016935099
-0.014032228
-0.008762976
0.024788858
-0.025380608
-0.004329692
0.024739913
0.019044792
0.019417352
-0.027405118
-0.019316664
0.008994935
-0.015749759
-0.037393413
-0.009285083
0.021298185
0.013993248
0.002965747
-0.031595376
-0.00797917
-0.007766222
-0.022890216
-0.024094615
-0.008064705
-0.03692066
0.061204112
0.070022856
0.032926262
-0.013095082
0.015194067
-0.015215535
0.033720487
-0.058344672
0.024967617
-0.002948053
-0.023491208
0.003724454
-0.042813548
0.006312003
0.040474615
0.016198974
0.017513533
0.033853629
-0.014468815
-0.001895689
-0.027895591
0.01046989
0.01289681
0.016058311
-0.009063652
0.001190935
0.005501277
0.0163583
-0.020332425
-0.012582968
0.028483901
-0.002977744
0.004366812
0.003194302
0.011108727
0.020265718
-0.011049982
-0.028440002
0.009724034
-0.001773875
0.000337481
-0.000607548
0.01146407
-0.000370565
-0.043533492
0.00347112
0.001368422
0.007630814
-0.002106741
-0.00402582
0.002059897
0.019907935
0.006612862
0.00757268
0.018732119
-0.002927202
0.008008877
-0.009767343
0.019304434
-0.01235451
0.00932394
0.012262974
0.009646141
-0.0138061
0.020865157
0.008238168
0.00410933
-0.015369868
0.00793078
-0.022466017
-0.005110432
0.001725682
-0.001687014
0.001789946
-0.008047683
-0.02332362
0.021691343
0.004219634
-0.006388223
0.035110624
-0.001327011
-0.012042121
-0.013353388
0.012824574
0.016421322
-0.003422532
-0.009039485
-0.006799292
-5.11E-05
-0.015506883
0.003744934
-0.001038494
0.021597729
-0.01517381
0.017726886
-0.007147282
0.009539416
0.011831973
-0.012740184
-0.008755322
0.01441188
-0.019469204
0.001409687
0.01109596
0.00718627
0.006225251
-5.30E-05
0.016582139
0.005354008
0.006647148
0.00290996
-0.009212572
0.007918958
0.006802922
-0.011368101
-0.010589511
0.007138178
0.013003423
-0.003475842
0.0141233
0.001609533
0.017343153
-0.00353847
-0.005273815
0.004989375
-0.010157818
-0.013887517
0.00585298
-0.007702251
0.004744098
0.014290695
0.002218179
0.006191879
-0.012188141
-0.027249872
-0.005164167
-0.000692209
-0.010236727
-0.004274664
-0.008758196
-0.016990462
0.017711497
0.000604641
0.031876707
-0.004560859
-0.008142503
-0.001888255
0.023239454
-0.00569137
0.016266863
-0.004605362
0.008952601
-0.005195727
-0.001123493
0.00151359
0.001338868
-0.018182319
-0.011698035
0.00060638
0.012268786
0.013684484
0.004405359
0.006043567
-0.004189008
0.019339237
-0.00415509
-0.009257832
0.005563219
0.011929683
-0.008124121
-0.005603683
0.0014669
0.000439651
0.010508539
-0.026235733
-0.001901011
-0.002849337
-0.005696073
0.012474547
0.013552538
0.001786185
-0.000866341
0.004810981
-0.002003953
0.018936076
-0.005285759
0.008623772
-0.001537477
-0.01133511
-0.006450933
0.006155848
-0.005009459
0.00841211
0.000778266
0.005694583
-0.001095023
-0.001932113
0.006684754
-0.000334035
-0.001709036
0.001152062
0.002912821
0.002983892
0.002380153
0.008104934
0.010874078
0.003189415
-0.003461916
-0.009026046
0.008166345
-0.005003129
-0.004120596
0.004506557
0.010118703
0.003983695
0.012284416
0.004936323
-0.008103269
0.004413514
0.00521435
-0.00060631
-0.004787581
0.005886247
0.002530994
-0.012074908
-0.006536347
0.007278774
-0.00734199
-0.008457387
0.000759226
0.003983403
0.01070471
0.001287475
0.002559113
0.001008233
-0.008790246
0.007841829
0.006976561
0.001402971
0.013470399
-0.006950886
-0.000570707
-0.012869399
0.00519628
0.003198009
0.002943578
0.006269496
0.009686533
-0.007118392
0.004891556
-0.004200031
0.005374896
-0.011797844
0.005619671
-0.030162243
0.004200761
-0.02430872
0.003965444
0.018774502
-0.018233963
0.006469316
-0.020709583
0.000194939
-0.006080751
0.014657083
0.006140085
0.011565782
-0.003881851
0.001416085
0.012268478
0.018875335
0.010979873
-0.009323451
-0.003087961
0.001485016
0.009203237
-0.011526722
-0.00232621
0.007714421
-0.002177447
0.007982099
-0.008056899
0.011263684
0.00681326
-0.00681326
-0.00091442
-0.015857104
-0.00895853
-0.004103938
0.00845561
-0.001266495
0.00769569
-0.020107604
-0.000536375
-0.027707201
0.014821997
-0.011733914
0.013902695
-0.003042607
-0.014041045
0.004526724
0.020570683
-0.009195892
-0.000817515
0.00602558
-0.005052951
0.013586713
0.005300253
-0.007458364
0.004807662
-0.012382769
0.005985686
0.002229955
0.012103656
0.006295583
0.000330392
-0.006512434
0.003262866
-0.003238537
-0.014232907
0.009912052
0.008399696
0.000963326
0.006118818
-0.000165749
-0.010741173
0.005342
0.009526697
-0.003566226
0.007772239
-0.004011663
-0.006272828
-0.00450788
-0.008414833
0.000846304
-0.007484189
-7.65E-05
0.002730941
-0.000525965
-0.004603764
0.001245243
-0.002034243
-0.010524528
-4.15E-05
-0.004934045
0.004099994
0.008303866
-0.017927587
-0.001554594
-0.009769229
0.009155129
0.003030382
0.018801863
0.000907982
-0.006411892
0.007425882
-0.011909134
0.004259704
-0.026384364
-0.008921285
0.010173109
-0.00855888
-0.002492434
-0.002690905
0.009095231
0.004666801
0.002360555
0.000829817
-0.001807287
0.014498599
0.001305667
0.000244797
0.009572259
0.005330357
-0.0034395
-0.011735734
0.005258416
0.005561235
0.008921438
0.001932152
0.00247717
-0.001247335
-0.00696633
0.006982646
0.012911144
-0.00467349
-0.004373051
-4.60E-05
0.009312676
-0.006064695
0.007384197
-0.010515707
-0.010621988
0.005571486
-0.004523611
0.002878053
0.004135982
-0.011486783
0.024299878
0.009843728
0.000843804
-0.001499702
-0.001565805
-0.005557222
-0.002740605
-0.0104931
0.00151428
-0.007981812
0.001584032
-0.002987492
0.011072926
-0.009470303
0.005943
-9.76E-05
-0.021411876
0.002883018
0.016144787
0.01173764
-0.00403843
0.007324425
0.008472152
0.00108549
-0.001986093
0.004915539
-0.001058484
-0.00186831
0.003963022
0.012831762
0.000344248
-0.003693801
-0.007012283
0.013057877
-0.003583285
-0.008286663
-0.006478275
0.001546131
-0.005142709
0.009761545
-0.004060804
-0.000420479
-0.007130032
0.011379562
0.003874792
-0.007357544
-0.004269696
0.005310515
-0.003281991
-0.007332702
0.005577538
0.009907189
0.002217753
-0.002993157
0.002017427
-0.017404772
0.005092594
0.00159011
0.009535221
0.00354847
0.000806025
-0.001327147
0.001868494
0.000608992
0.000206398
-0.00177537
0.008993344
0.001974355
-0.008824053
0.007057163
0.005554392
-3.61E-05
-0.007462364
-0.008571336
0.004697894
0.005329905
0.006938979
-0.001655395
-0.001552164
-0.006891079
0.003053287
-0.001422841
0.008622761
-0.000572028
0.002980229
-0.005424048
0.011135721
0.006491917
0.003178347
-0.005781258
0.007371704
0.006017719
-0.000283824
-0.002804896
0.000188917
0.011613829
-0.00115583
0.004560745
-0.00533121
-0.000878406
0.005854754
-0.001589739
-0.00505674
-0.006301152
0.000120681
0.014203508
-0.001838316
0.006884342
0.001906945
-0.000337269
0.007415773
0.004005089
-0.005521545
-0.004585346
-0.007027876
0.002712867
-0.000155599
0.007184121
-0.014410276
0.003147254
0.004627095
-0.004396471
0.003509826
-0.00365613
0.011318475
0.000818632
-0.004183521
0.000779599
0.0030192
-0.006827039
0.008751619
0.004649224
0.004222881
-1.94E-05
-0.001618557
-0.005066704
0.004879686
-0.001395243
-0.019361092
-0.020720197
0.003235603
-0.003126736
0.000253131
0.007353271
0.003233314
-7.51E-06
-0.016503925
-0.004140772
6.65E-05
0.006893873
0.004347227
0.00798135
0.007923129
0.00350437
-0.003295403
-0.004972306
-0.005193137
0.009035505
0.000557662
-0.001721289
-0.001194936
0.016575991
0.003144946
0.00249323
0.005402622
-0.003968167
-0.000436461
0.008985742
-0.001318159
0.000735481
-0.003425557
0.013862166
0.001308304
-0.005092155
-0.003851278
0.008230894
-0.00224854
-0.004237814
0.007289716
0.004623506
-0.001368847
-0.00319252
0.00018878
0.008508199
-0.006538884
0.006801826
0.001781918
0.002510117
-0.009552149
-0.010096346
0.008776387
0.008912726
-0.000598022
0.009476513
-0.00117644
-0.002782557
0.006375495
-0.013959291
0.018705076
0.004929335
-0.001801898
0.006893552
0.00625626
0.000660976
-0.002357725
0.01383316
-0.001325396
0.001644044
-0.002293812
0.001493612
-0.000303068
0.00278973
0.006549483
-0.002360333
0.001151695
0.010370397
-0.001744676
-0.00815465
-0.00839356
0.004357591
0.011347195
0.007854744
-0.00398619
-0.007260554
-0.002214008
-0.004939889
-0.001112087
-0.002155654
0.012969501
-0.000436825
-0.01106876
-0.002737845
-0.010432973
-0.008212209
0.004267025
-0.001057591
0.009753367
0.005619094
-0.004349261
0.005690991
0.009538816
0.003045073
-0.004524071
0.005747078
3.12E-05
-0.00858787
0.003814506
0.002002276
0.006697189
-0.000845242
0.005780388
-0.014164902
-0.004466031
0.006509572
0.019841166
-0.004415328
0.011552177
-0.004525807
0.004610592
0.004883686
0.005974494
-0.012143783
-0.012531089
-0.001789164
0.00163927
0.002962835
-0.00764064
-0.00999877
0.002680889
0.00157836
-0.006272401
-0.019477248
0.003552466
-0.005513204
0.012618945
-0.005665082
0.003566531
-0.01743993
-0.002239379
0.025047069
-0.000383263
-0.00115067
0.016205611
-0.000737719
0.001099713
-6.66E-06
-0.005207133
-0.000162951
0.012642152
0.00263293
-0.001165912
-0.006851278
0.00244596
0.007280241
0.006595515
-0.001215203
0.006059134
-0.004743639
0.002969312
-0.00548619
0.002928841
-0.004656993
0.015004839
0.005600641
-0.002568443
0.005716298
-0.003559736
0.002004178
-0.001911919
0.00259692
0.004328184
-0.00396019
-0.000365854
0.006669144
-0.002032073
0.001834367
0.010349198
-9.47E-05
0.001215601
0.002443552
-0.002613815
0.00335787
-0.012162677
0.008382176
0.004628676
0.012800341
-0.000709146
0.006608807
0.001630016
-0.002703087
0.005857025
-5.11E-05
-0.008153405
0.00114561
-0.010131275
-0.007317949
0.008762671
-0.008471436
-0.004512121
-0.000772606
0.008948287
0.017692693
0.016288171
-0.004004699
0.002266111
0.010334471
-0.014405
0.001960377
-0.000601693
0.000164134
-0.008203104
0.012315882
-0.009105567
0.009432407
0.000802525
-0.005507607
0.007873119
0.005396535
-0.00402007
0.002404766
0.009900883
-0.000240032
0.006636147
0.001294012
-0.01588571
0.011366131
-0.009639778
-0.003988707
0.004314063
-0.00370092
-0.004557454
0.007683441
0.012192139
0.007507351
0.001895424
0.002102471
-0.00037449
0.002935595
-0.00050002
0.00195391
0.008937211
0
0.00459597
-0.010840909
-0.002414563
0.005858545
0.011487264
-0.003680358
0.006569256
-0.00945417
0.002919391
0.000254707
-0.009117797
0.002954109
-0.015077638
-0.00539142
0.003437472
-0.001304102
0.012126018
0.009387494
0.008717764
-0.005908081
0.002658564
0.003238094
-0.007408878
-0.004835641
0.010123207
-0.00905601
0.007625924
0.010019
-0.000756945
0.005621757
-0.006403905
-0.002908587
-0.021605716
-0.016759567
0.003319361
-0.032272347
-0.002364433
0.007282901
-0.026865535
0.024224814
-0.012551241
0.016194579
0.019122871
-0.005918265
-0.024513826
0.007392097
0.003464453
0.002505303
-0.008841927
-0.024320838
0.005580575
-0.029538035
0.01773965
-0.009482379
-0.022609378
-0.000465719
0.023371463
-0.006303985
0.00724331
0.008716358
0.000903076
0.005963672
0.002981006
-0.003355819
-0.006320057
0.000578299
0.022038558
0.017383547
0.002947749
0.000654323
-0.012635981
0.009132576
-0.002568508
0.005790968
-0.013760123
0.005547836
-0.018217315
-0.014892353
-0.006444345
-0.003276887
0.023380475
0.003809889
-0.009601885
0.019804458
0.003694137
0.002000786
0.011707449
0.005443834
-0.003803578
-0.012290203
0.015644242
-0.008505605
0.011425982
-0.016926991
0.002339715
0.011448024
-0.00970034
0.001782746
0.012242427
0.013401172
0.004348287
0.001464674
-0.001780064
-0.006062317
0.004628181
-0.008931551
0.00590846
-0.000336464
0.00728878
0.002289298
0.004344928
-0.003430674
0.003558011
0.003810651
-0.005857715
-0.011144738
-0.010894786
0.002660442
-0.003012276
0.01328734
0.002330499
-0.002744165
0.004095936
0.000404204
-0.00603532
0.014890567
0.002995851
-0.012824962
0.000882544
0.014103926
0.004494072
0.001317055
0
-0.001311333
-0.004461477
0.007017747
0.006065406
-0.001224151
0.000507249
0.004728864
0.000640122
0.009053244
-0.001545535
0.001631328
-0.011060632
0.010933805
-0.000289151
0.002908222
0.006759914
-0.001344261
0.00327705
0.002120473
-0.006973367
-0.006283565
-0.002520784
0.004128895
-0.011383027
0.004927511
0.012303366
0.006534994
-0.000114024
0.002101829
-0.000201907
0.007873466
-0.002604216
0.006416223
-0.00105471
-0.012061801
0.002759205
0.00084478
-0.00125735
-0.005080292
-0.006546898
-0.015107629
-0.000454079
0.014037203
-0.010012326
-0.013909156
0.007967716
0.011939213
-0.001693696
0.005329081
0.000919786
0.008028368
-0.00013635
0.008994188
0.00614088
0.005798482
-0.002041197
-0.008272343
0.005393142
-0.000731078
-0.010297118
0.015658023
-0.00120108
0.001516914
