80.0    4.0166667
71.0    2.15
57.0    4
80.0    4
75.0    4
77.0    2
60.0    4.3833333
86.0    4.2833333
77.0    2.0333333
56.0    4.8333333
81.0    1.8333333
50.0    5.45
89.0    1.6166667
54.0    4.8666667
90.0    4.3833333
73.0    1.7666667
60.0    4.6666667
83.0    2
65.0    4.7333333
82.0    4.2166667
84.0    1.9
54.0    4.9666667
85.0    2
58.0    4
79.0    2
57.0    4
88.0    2.8333333
68.0    4.5
76.0    4.0666667
78.0    3.7166667
74.0    3.5166667
85.0    4.4666667
75.0    2.2166667
65.0    4.8833333
76.0    2.6
58.0    4.15
91.0    2.2
50.0    4.7666667
87.0    1.8333333
48.0    4.6
93.0    2.2666667
54.0    4.1333333
86.0    2
53.0    4
78.0    2
52.0    4
83.0    1.8833333
60.0    4.2666667
87.0    2.0833333
49.0    4.4666667
80.0    2.5
60.0    4
92.0    1.7666667
43.0    4.3333333
89.0    2.1833333
60.0    4.4833333
84.0    3.8833333
69.0    3.3333333
74.0    3.7333333
71.0    4
108.0   1.95
50.0    5.2666667
77.0    2
57.0    4
80.0    2
61.0    4
82.0    2
48.0    4
81.0    3.5333333
73.0    2.1666667
62.0    4.5
79.0    2.0166667
54.0    4.15
80.0    4.2
73.0    4.3333333
81.0    1.9333333
62.0    4.65
81.0    3.8166667
71.0    4.0333333
79.0    4.1666667
81.0    4.6666667
74.0    1.8166667
59.0    4
81.0    3
66.0    4
87.0    2
53.0    4.45
80.0    2.05
50.0    4.25
87.0    1.9166667
51.0    4.6666667
82.0    1.7333333
58.0    4.3833333
81.0    1.7666667
49.0    4.6
92.0    1.8666667
50.0    4.45
88.0    1.6333333
62.0    5.0333333
93.0    1.8166667
56.0    5.1
89.0    1.6333333
51.0    4.2833333
79.0    2
58.0    4
82.0    2
52.0    4.5333333
88.0    2
52.0    4
78.0    2.9333333
69.0    4.7333333
75.0    3.9
77.0    1.95
53.0    4.1166667
80.0    1.8
55.0    4.6666667
87.0    1.8333333
53.0    4.7
85.0    2.1166667
61.0    4.7833333
93.0    1.8166667
54.0    4.1
76.0    4.65
80.0    4
81.0    2
59.0    4
86.0    4
78.0    4.2166667
71.0    4.1333333
77.0    3.9333333
76.0    3.75
94.0    4.4166667
75.0    2.4666667
50.0    4.1666667
83.0    3.8
82.0    4.3166667
72.0    3.8666667
77.0    4.6833333
75.0    1.7
65.0    4.9666667
79.0    4.2666667
72.0    4.5833333
78.0    4
77.0    4
79.0    4
75.0    4
78.0    1.9833333
64.0    4.6
80.0    0.8333333
49.0    4.9166667
88.0    1.7333333
54.0    4.5833333
85.0    1.7
51.0    4.75
96.0    1.8333333
50.0    4.5
80.0    1.8666667
78.0    4.45
81.0    4.45
72.0    4
75.0    4.8
78.0    4
87.0    4
69.0    2
55.0    4
83.0    1.9333333
49.0    4.5833333
82.0    2
57.0    3.7
84.0    2.8666667
57.0    4.8333333
84.0    3.45
73.0    4.3833333
78.0    1.8
57.0    4.4
79.0    2.4833333
57.0    4.5166667
90.0    2.1
62.0    4.35
87.0    4.3666667
78.0    1.7833333
52.0    4.9166667
98.0    1.8166667
48.0    4
78.0    4
79.0    4
65.0    3.8666667
84.0    1.85
50.0    4.7
83.0    2.0166667
60.0    4.4666667
80.0    1.8666667
50.0    4.1666667
88.0    1.9
50.0    4.25
84.0    3.25
74.0    4.2166667
76.0    1.8833333
65.0    4.9833333
89.0    1.85
49.0    4
88.0    1.9666667
51.0    4.7666667
78.0    4
85.0    2
65.0    4
75.0    4
77.0    2.3833333
69.0    4.4166667
92.0    4.2166667
68.0    4.3666667
87.0    2
61.0    4.45
81.0    1.75
55.0    4.5
93.0    1.6166667
53.0    4.7
84.0    2.5666667
70.0    3.7
73.0    4.2333333
93.0    1.9333333
50.0    4.35
87.0    4
77.0    4
74.0    4
72.0    4.2166667
82.0    4
74.0    4.1333333
80.0    1.8833333
49.0    4.4666667
91.0    1.95
53.0    4.2166667
86.0    1.7166667
49.0    4.45
79.0    4.25
89.0    3.9666667
87.0    4.3833333
76.0    1.9666667
59.0    4.45
80.0    4.2666667
89.0    1.9166667
45.0    4.4166667
93.0    3
72.0    4
71.0    2
54.0    4
79.0    3.2833333
74.0    1.8333333
65.0    4.6166667
78.0    1.8333333
57.0    4.6166667
87.0    4.6
72.0    4.25
84.0    1.9333333
47.0    4.9833333
84.0    1.9666667
57.0    4.3
87.0    4.2
68.0    4.5333333
86.0    4.4
75.0    4.6166667
73.0    2
53.0    4
82.0    4
93.0    3.9166667
77.0    2
54.0    4.5
96.0    1.8
48.0    4
89.0    2.75
63.0    4.7333333
84.0    3.9666667
76.0    1.95
62.0    4.9666667
83.0    1.85
50.0    4.8
85.0    4
78.0    4
78.0    4
81.0    4
78.0    4
76.0    4
74.0    4
81.0    2
66.0    4
84.0    1.9333333
48.0    4.3333333
93.0    1.6666667
47.0    4.7666667
87.0    1.95
51.0    4.6833333
78.0    1.9333333
54.0    4.4166667
87.0    2.1333333
52.0    4.0833333
85.0    2.0666667
58.0    4
88.0    4
79.0    2